0 0 0 0 0 0 0 0 0.0198788291685928 0 0 0.0603661345796666 0 0 0 0 0 0 0
0.291032833301092 0.406874963071221 0.34014747159509 0.281585218967776 0.389147119483987 0.345324692714358 0.314352661078943 0.271364604768058 0.310230212782586 0.181250008831538 0.509420971525118 0.355094909292157 0.335141957246217 0.253552610434255 0.189933831306127 0.234435861384641 0.368221923782293 0.330669464588162 0.338455696703685
0 0 0 0 0 0 0 0 0.00542149886416156 0 0.0202251502342482 0.076937230346634 0 0 0 0 0 0 0
0.142676256968503 0.412129199882471 0.185066879024577 0.265974950965298 0.423652775398823 0.52721327131963 0.424696860478082 0.368280535042365 0.380107309254004 0.178941091521582 0.683862892295505 0.330238265641706 0.320261789618736 0.285507185995832 0.31305299468243 0.282773152391783 0.265144623027047 0.235590710439063 0.240829900608443
0.38592758032464 0.543485120163737 0.273511279474948 0.407668152833945 0.647300545217207 0.548301802172415 0.712105007750258 0.506547262233709 0.437936630471729 0.294386957019377 0.56630420655894 0.477010828149131 0.377076975105481 0.524471838021541 0.481215754415917 0.528602803799536 0.347109705555315 0.335483578722293 0.330222195828182
0.0330795068849693 0.187510576201507 0.151142999399778 0.180718871874841 0.33674964198368 0.25701646976832 0.30793730064876 0.239059294676623 0.199390680448614 0 0.250286234148817 0.217791544365856 0.00913101195322688 0.22298736424492 0.0578059486583864 0.119807428424846 0.139713208855001 0.151343713091761 0.191428895355429
0 0.116578379249623 0.0336209878424356 0.000600394923172138 0.19233708204381 0.160800047752487 0.111627271485176 0.100792567485279 0.05722693245504 3.22221034145205e-16 0.245229946590255 0.0722026315560718 0 0.0618251570647908 0 0 0.0987306675908677 0.0707073013450574 0.086745812795471
0.00634859223044868 0.10475634642431 0.0602754646904926 0.107470691247829 0.180835196738864 0.135757417364805 0.17963009204511 0.183494161319354 0.190957237771029 0 0.161801201873983 0.15860905948383 0.0483605447893131 0.121566320071218 0 0.0466109591854589 0.0689251830351339 0.075521415479189 0.0949793136709732
0.00634859223044868 0.11001058323556 0 0 0.096488037835931 0.0645836257366547 0.133439496947796 0.0387663721097226 0.0102406089656387 0 0.101125751171239 0.0568151854867453 0 0.0868330857651557 0 0 0 0.0598755445432615 0.0785123119199685
0 0.166493628956504 0.0481597933959213 0.0642422567794286 0.19233708204381 0.148937749147796 0.136005641119869 0.142143364402316 0.110237143571288 0 0.218684436907805 0.104161173392366 0 0.109062355721036 0 0 0.0776184493638894 0.0899637578815837 0.0820409551523268
0.28167701317201 0.396366489448719 0.237164265591234 0.382451566060711 0.490108112716286 0.424406683412302 0.499115041468199 0.483287438967875 0.417455412540451 0.189331219416384 0.565040134669299 0.436766738429353 0.318909047107147 0.388317559541776 0.314554447894336 0.383590930778109 0.304885269101359 0.316227122185767 0.326693552595824
0.307071382093804 0.439713943141537 0.194759416060235 0.326014443282521 0.5949030677169 0.55621000124221 0.455490590542958 0.449689916472782 0.286134662275201 0.0923566923982361 0.501836540187275 0.449786885103399 0.299970651944899 0.325797737790864 0.311551541470524 0.379447734406068 0.287498736443847 0.328262407521096 0.225539113268224
0.156041714295764 0.35695971336434 0.082083673020721 0.215541777418831 0.178279222226654 0.278105000621105 0.336164886541563 0.270072392364401 0.160837799636797 0 0.362788632326821 0.20240409829653 0 0.257720598550982 0.108855357863195 0.202671355865662 0.114875305058557 0.151343713091761 0.174961893604424
0.0223871410231611 0.270264805978704 0.072391135985064 0.160305444486986 0.244734559544117 0.305783697365386 0.318201877337052 0.241643719483938 0.154813912009951 0 0.270511384383065 0.177547454646079 0 0.168803518727463 0.116362623922726 0.210957748609743 0.101214457970512 0.0719108298785904 0.17613810801521
0.0451084184795034 0.288654634818082 0.0639101660788639 0.137490437406441 0.248568521312432 0.201659076279759 0.184762380389256 0.223552745832734 0.180114240042705 0 0.336243122644371 0.173996505553157 0 0.254941939806497 0.10284954501557 0.0590405483015812 0.134745628095712 0.112830800018709 0.205543468284861
0.077185516064928 0.313612259671522 0.136604193846292 0.26117179157992 0.265182355641797 0.287331232869198 0.259180561379373 0.374741597060652 0.196981125397875 0.00808121058484581 0.395654501457474 0.263953882573837 0.128172352973074 0.325797737790864 0.186930924882314 0.183336439462805 0.14468078961429 0.114034328552242 0.206719682695647
0 0.221663115474636 0 0.01621066292565 0.169333311433919 0.192432844031665 0.245066768432972 0.206753984585187 0.000602388762684582 0 0.245229946590255 0.102977523694726 0 0.143795590027098 0 0.0852807919911727 0 0 0.0338161643100989
0.168070625890298 0.333315647713712 0.179009043377292 0.283986798660465 0.500332010765126 0.374321422636938 0.243783696346935 0.396709207922828 0.186138127669552 0.0554140154389416 0.409559292243519 0.362196807478 0.239097238923386 0.342469690257774 0.191435284518033 0.242722254128722 0.251483775939003 0.312616536585168 0.247887187073159
0.156041714295764 0.408188522274033 0.220202325778834 0.32841602297521 0.445378558752609 0.380911588528433 0.268162065981629 0.263611330346114 0.329506653188494 0.0912022337432581 0.457594024049857 0.377584253547327 0.239097238923386 0.349416337118987 0.22747016160378 0.32006191974015 0.304885269101359 0.295767137115708 0.269059046467308
0.0705027874012979 0.27814616119558 0.120853821163349 0.25036468296282 0.293298075276109 0.15684594821759 0.0949473343667012 0.143435576805974 0.133127916553304 0 0.321074259968685 0.287626876526647 0.113292185345593 0.23965931671183 0.140385875313224 0.184717504920151 0.212985025054513 0.181431926430083 0.240829900608443
0 0 0 0 0 0 0 0 0.0283122718461776 0 0 0.0118364969764052 0 0 0 0 0 0 0
0.244253732655681 0.389798693434656 0.24322210123852 0.344026290977688 0.500332010765126 0.365095190388844 0.137288713205906 0.244228144291252 0.333120985764602 0.147770707837178 0.46391438349806 0.395338999011935 0.247213693992921 0.292453832857044 0.207951269849 0.224768403183212 0.40547877947696 0.360757677926484 0.324341123774252
0.160051351493942 0.400307167057157 0.25170307114472 0.341624711284999 0.257514432105167 0.230655806202338 0.178347019959074 0.244228144291252 0.324687543087017 0.143152873217266 0.390598213898912 0.379951552942608 0.270210316689937 0.274392551017892 0.203446910213282 0.273105694190355 0.297433897962425 0.288545965914511 0.330222195828182
0.194801540544818 0.21378176025776 0.162047103564892 0.245561523577442 0.399371017532828 0.359823057675648 0.364392472434366 0.373449384656994 0.309025435257217 0.0392515942692503 0.4120874360228 0.339707463222831 0.239097238923386 0.306347126579469 0.210954176272812 0.260676105074233 0.212985025054513 0.265678923777386 0.306697907612461
