0.393896419032969 0.39204233605182 0.197936120521258 0 0 0.456915372200459 0 0.172422567723264 0.0380268727037411 0.2993361891826 0.362265127806869 0.304203908350273 0.363726070653247 0.0246246233761916 0.179734209548126 0.333333333333333 0.383879543528483 0.332486746561592 0.395152713668013
0.506670617462229 0.448983851818243 0.223950582075481 0 0.0136019170878246 0.176572527901485 0.0563310274991819 0.322570449664097 0 0.355106049524606 0.359124100687156 0.354273833935198 0.483718176435761 0.028021123152218 0.276536870848266 0.172291296625222 0.573572946052311 0.435902356696134 0.477688187481361
0.183529164270695 0.0560873930299262 0.0463736053792662 0.0431473134837597 0.0221031152677149 0 0.033630464178616 0.10889846382522 0.0527469524600279 0 0.0984188497509991 0.0398812779368299 0.156953959795878 0.0424562472003301 0.026266575779611 0 0.205168390624456 0.0200159245421695 0.0537045891251235
0.476308333269736 0.445567360872258 0.168528468329529 0 0 0.280886144384824 0 0.298645787157042 0 0.405185107790896 0.563290863468484 0.42413884637928 0.424793481631848 0 0.383964214486226 0.325044404973357 0.478726244790397 0.381414562109117 0.492386285557711
0.219313284926133 0.222356619067881 0.0407182876500871 0.0262897584482443 0.0918129403428159 0.274366543354616 0 0.0536242435502975 0.0445691303732019 0.19576359140459 0.434508751560261 0.212214975298898 0.16016803405791 0.0475509968643698 0.152582243573696 0.205447010065127 0.360916657959809 0.0945196436713556 0.18824871767017
0.419921234055106 0.312324213978828 0.147038260958649 0.0640185720991596 0 0.271106742839511 0 0.209547044027317 0 0.275434820464598 0.460683977557868 0.268106985254164 0.359440638303871 0 0.27417583032875 0.303730017761989 0.298018319228224 0.231295128042846 0.297919141778316
0.224735121389078 0.158582121409487 0.03732509701258 0.10576108932996 0.0340047927195615 0.185265329275097 0.025222848133962 0.0635241038980448 0.0740092898857758 0.0591843415874341 0.202072744701519 0.0363880273146257 0.12159914291353 0.0373614975362905 0.0711263456504077 0.0680876258140913 0.194186141004655 0 0.0356146222619241
0.391727684447791 0.329406668708755 0.0531599866542808 0.0158541291405441 0 0.21025713322423 0 0.255746392316804 0 0.211697837216592 0.476389113156431 0.279751153994844 0.251233471482139 0.00169824988801316 0.310771958381242 0.270574304322084 0.384877929857556 0.225735149003355 0.247041109975568
0.304978301040667 0.341933802177368 0 0.00220753696893661 0.019552755813748 0.263500541637601 0 0.197172218592632 0.0543825168773932 0.284540103785742 0.431367724440549 0.325163412083497 0.251233471482139 0.066231745632515 0.313132998900758 0.320307874481942 0.381882770870338 0.17013535860844 0.354450288225815
0.15533561466338 0 0.0248833980083868 0.0471610170636441 0 0.145061122922143 0 0.126223219433777 0.0715559432597278 0.0364211332845747 0.126688093828414 0 0.0498181510614903 0.00509474966403964 0.0758484266894389 0.029011249259917 0.188195823030219 0 0.0310921305461241
0.352690461914585 0.180219897400728 0.109713163946069 0.0527802020754827 0.0365551521735286 0.226556135799752 0 0.127873196158402 0.0519291702513454 0.177553024762303 0.388440353804475 0.117897208499388 0.272660633229017 0 0.113625075001689 0.235050325636471 0.217149026573329 0.219063174155965 0.244779864117668
0.307147035625846 0.359016256907295 0.192280802792079 0.0166568698565212 0 0.472127774604279 0.0134521856714464 0.131998137969963 0.0576536457121237 0.273158499634312 0.288974495013571 0.290230905861456 0.363726070653247 0.0441544970883433 0.258829066951899 0.256364712847839 0.460755290867087 0.326926767522101 0.370279009231114
0.127142065056065 0.0549485627145979 0.0135727625500292 0.0447527949157134 0 0.0929043146804738 0 0.122923265984528 0.0306668328255976 0.0580461811722912 0.141346220387073 0 0.0616030900222731 0.0390597474243037 0.00501721110397053 0 0.175216800752272 0.033359874236949 0.124933833648971
0.311484504796202 0.300935910825544 0.147038260958649 0.018262351288475 0 0.369987358464343 0 0.321745461301785 0.0535647346687105 0.252671612161739 0.546538718830015 0.180775719699062 0.26516112661761 0 0.24230178331529 0.282415630550622 0.434797246311195 0.295790884900948 0.242518618259768
0.422089968640284 0.288408777356931 0.14138294322947 0.0696377571109979 0 0.37542035932285 0.0159744704848425 0.131173149607651 0.0282134861995498 0.250395291331453 0.476389113156431 0.158651799091769 0.302658659674645 0.0059438746080463 0.198622533704251 0.150976909413854 0.402848883780866 0.249087060969219 0.342013436007365
0.0772611695969691 0.00256236820948886 0.00791744482085016 0.0632158313831826 0.0306043134476054 0.0548733086709234 0 0.094873661665911 0.0519291702513454 0 0.165427428304871 0 0 0 0 0 0.152253915183599 0 0
0.368955971303421 0.524146652629921 0.156086769325335 0.0230787955843365 0 0.419970966362609 0 0.130348161245339 0 0.224217601783164 0.563290863468484 0.220365893417375 0.313372240548084 0 0.186817331106673 0.301361752516282 0.465747222512451 0.380302566301219 0.52291310463936
0.448114783662421 0.372682220691237 0.223950582075481 0.0752569421228366 0 0.322176950909479 0.00840761604465396 0.21449697420119 0.0372090904950584 0.277711141294884 0.36017110972706 0.355438250809266 0.415151258845753 0 0.234038141496985 0.165186500888099 0.504684289346289 0.321366788482609 0.347666550652115
0.376546542351544 0.378376372267879 0.156086769325335 0.133857014389152 0.0042505990899453 0.124415719659816 0.021019040111635 0.127873196158402 0.013493406443263 0.269744018388883 0.344465974128496 0.262284900883824 0.339084834644337 0.0500983716963896 0.170290047470064 0.186500888099467 0.434797246311195 0.331374750753694 0.369148386302164
0.309315770211024 0.261076849789048 0.165135277692021 0.0688350163950211 0 0.328696551939688 0.00084076160446538 0.357219960881213 0.0265779217821846 0.261776895482882 0.336089901809263 0.291395322735524 0.392652739011531 0.0900072440646999 0.343826525654461 0.268206039076377 0.464748836183378 0.304686851364135 0.343144058936315
0.419921234055106 0.428484906142331 0.246571852992196 0 0.0187026359957588 0.212430333567633 0.025222848133962 0.254921403954491 0.0543825168773932 0.32209939748546 0.307820657731848 0.361260335179606 0.330513969945586 0.0390597474243037 0.306049877342211 0.20307874481942 0.410835974413448 0.355838658527456 0.154330029801671
0.407993193836626 0.411402451412404 0.0859608294835178 0.0190650920044519 0.0425059908994518 0.297185146960346 0.025222848133962 0.23264671817206 0.0764626365118235 0.239013687180023 0.297350567332805 0.303039491476205 0.332656686120274 0.040757997312317 0.300147276043422 0.128478389579633 0.457760131879869 0.322478784290507 0.366887140444264
0.0534050891600102 0.0333107867233571 0 0.0696377571109979 0.0476067098073859 0 0.0134521856714464 0.182322428071011 0.0535647346687105 0 0.168568455424583 0 0.034819137838676 0.0509474966403961 0 0 0.163236164803399 0.0533757987791184 0
0.397149520910736 0.267909831681019 0.0904850836668608 0.0311062027441059 0 0.252634539920587 0 0.112198417274469 0.0192178819040412 0.243566328840595 0.285833467893859 0.392699590779443 0 0.565517212708397 0.254106985912868 1 0.496697198713707 0.373630591453829 0.318270354499416
