0 0.0147738566249856 0.0963894483378791 0.0620523692201915 0 0.0286513967899517 0 0 0 0 0 0 0 0 0 0 0 0.075273281559603 0.0843729407687456
0 0 0.0895587000304702 0 0 0.0154872415080821 0 0.00420973133242901 0 0 0.00471536808873182 0 0 0 0 0 0.010831696103363 0.104239202564817 0.0675584045301344
0.179712316528679 0.325929367583871 0.0645126229033049 0.316793674439925 0.138806085412001 0.0650464143339443 0.205528323893306 0.327757653739109 0.184421435688602 0.0845515155185513 0.188614723549281 0.215824954646358 0.0819317706922539 0.237858411570668 0.0630936751872731 0.0946063489975076 0.357445971410973 0.111861813355663 0.375024210036167
0.0302012378858511 0.148643088084041 0 0.13063656677935 0 0 0 0 0 0.00688938274595617 0.0730882053753463 0 0 0.00342915141189697 0 0 0.127931113437015 0.0120056119955823 0.181657043292139
0 0 0 0 0.0558829694515848 0.0348462933931846 0 0 0 0.0319416836403416 0.0459748388651373 0.00715441838606713 0.0691025966336802 0 0.0128762602423007 0 0 0.0203904838655128 0
0.00388728804471343 0 0.0280819652637914 0 0 0.00464617245242458 0 0 0 0 0 0 0.0154533232978272 0.0208866495088267 0 0 0 0.0447828383962195 0.00750648939223731
0.0601034536144166 0 0 0 0.0138205193267361 0.0178103277342944 0 0 0 0 0 0 0.0527745569227684 0.0121579004603619 0.0347659026542116 0 0 0.0211527449445974 0
0.270615052343518 0.146231029859553 0.0136614966148175 0.0794705781241049 0.12919181109775 0 0.129545125363054 0.190640690339995 0.200566073156291 0.135908732352042 0.182720513438366 0.284984332378341 0.26737165026618 0.325145902055316 0.288428229427534 0.166268301062065 0.239175559903984 0 0.257322456365889
0.26702678645609 0.158291320981991 0.05464598645927 0.146966137626769 0.140007869701282 0.0278770347145477 0.0946675916114623 0.202668494146935 0.119842885817846 0.167224108470024 0.146176410750693 0.259943868027106 0.333850097660607 0.323898937905535 0.226622180264491 0.209014026854958 0.133786084303698 0.0409715330007966 0.263327647879679
0 0 0.0425024339127655 0 0 0 0 0 0 0 0 0 0.025949920254842 0.00592307971145837 0 0 0 0.0226772671027665 0
0.232340216210954 0.111256185604485 0.0409844898444524 0.109952443705953 0.0799186552372126 0.000774362075404232 0.0660181888869407 0.181018447294443 0.0999725627806897 0.0895619756974285 0.137924516595412 0.184822474973401 0.288364844180209 0.247834124768913 0.20215728580412 0.117236439123157 0.186480822103841 0.00819430660015938 0.221291307283151
0 0.0304522350841545 0.0645126229033049 0.0468114364292673 0 0.0418155520718214 0.00124562620541407 0 0.0416034888590447 0.0156576880589912 0.0247556824658431 0 0 0 0 0 0.0705523989435256 0.0928052863785484 0.127610319668031
0.0278090606275659 0 0.0250460771271653 0 0.00300446072320338 0.00619489660323273 0 0 0 0 0.0129672622440129 0 0.043444248516533 0.00342915141189697 0 0.020429942474545 0.00848970775668995 0.0341111832890354 0
0.265830697826947 0.105226040043266 0 0.0696728356156537 0.0739097337908059 0 0.0996500964331182 0.141326694731542 0.0788603445537119 0.143424422620357 0.135566832551046 0.22417177609677 0.266205361715401 0.297712690760141 0.171254261222599 0.167525528291268 0.127931113437015 0.0264885724981894 0.211683000861087
0.00149511078642827 0 0.0371896296736698 0 0 0.0178103277342944 0 0 0 0 0.0648363112200654 0.0274252704799241 0.0656037309813421 0.0208866495088267 0 0 0.0213706436633916 0.0516431881079807 0.0183158341170586
0.0708682512767001 0 0.0333947695028871 0 0 0.00851798282944526 0 0 0 0 0.029471050554575 0.0190784490295123 0.101758676055504 0.0121579004603619 0 0 0 0.0386847497635428 0.0207179107225745
0 0 0 0 0 0 0 0 0 0 0.037722944709856 0 0.017785900399386 0 0 0 0 0 0.752150237102161
0 0 0.113086833089323 0.0435455222597837 0 0.0604002418815198 0 0.00060139019034714 0 0.0532361394005692 0 0 0 0 0 0 0.0401065504367759 0.097378852853056 0.0411355618694596
0.00627946530299876 0.0292462059719107 0.0766561754498094 0.140434309287802 0 0.0232308622621231 0 0 0.0043466331643776 0 0.0318287345989412 0.0190784490295123 0 0 0 0 0.0810913465035542 0.0851826755877026 0.131213434576305
0.23951674798581 0.217386747481935 0.0827279517230615 0.277602704406119 0.171254261222599 0.0193590518851026 0.124562620541398 0.25559083089747 0.225403976952736 0.134656117307322 0.190972407593647 0.218209760775048 0.0865969248953715 0.341356436002465 0.20602016387681 0.0682045771842494 0.27781836762409 0.0668884096896726 0.335389946045155
0.228751950323526 0.32231128024714 0.11156888902101 0.24929811493726 0.146016791147689 0.0294257588653558 0.183107052195854 0.230332442902897 0.214226920244336 0.160961033246427 0.170932093216536 0.252789449641039 0.213722376930327 0.308935368108167 0.230485058337182 0.0983780306851157 0.346907023850944 0.102714680406648 0.383431478155473
0 0 0.093353560201253 0.0860024064630724 0.0402597736909268 0 0 0 0 0 0.0412594707764051 0 0 0 0 0 0 0.0630771042942496 0.0291251788418802
0.0469464786938478 0.0979898653698038 0.069066455108244 0.134991119005329 0 0 0 0 0 0 0.030649892576758 0 0 0 0 0 0.168915909503793 0.0638393653733342 0.113197860034936
0.12110397370069 0.214974689257447 0.0538870144251134 0.210107144903455 0.0679008123443988 0 0.0286494027245216 0 0.0838279253130008 0.0770358252502358 0.0188614723549279 0.0953922451475618 0.0656037309813421 0.0645303947511508 0.0450669108480522 0 0.287186321010782 0.0478318827125579 0.271734915998984
