0 0 0 0.0262104041999567 0.108324916704396 0.0280499297578133 0 0.0558727812414319 0 0.0950160703713103 0 0 0 0 0 0 0 0 0
0 0.0319173428397714 0 0 0.038437873669302 0 0 0.0753513655274357 0.0274883257327344 0.191266115682508 0 0 0 0.0161838795090032 0 0 0 0 0
0.107709093034507 0.191813934153578 0.290656776596396 0 0.29302638758286 0.0601069923381715 0 0.299867679139795 0.0939184462535098 0.266538587015623 0.123117654074723 0.249052517807969 0.0240240446908921 0.172028645151256 0 0.0794375890920897 0.036605699838382 0.115654094198147 0.0468114364292673
0 0.183137374935 0.105403006897594 0.0465023300321813 0.0733813951868493 0 0 0.231180039815466 0.0206162442995508 0.248028962917316 0.0204223596806413 0.0674583841559453 0 0.0449552208583421 0 0 0 0.0280004649111304 0
0.570380665084215 0.304609203995101 0.351343356325314 0.359899851218761 0.391866634161065 0.257028948188943 0.381726421731803 0.388033902750128 0.312679705209856 0.414615579802081 0.218810996578299 0.379493374374916 0.36240526991154 0.553248918029997 0.416246756975837 0.295053902342048 0.132041988702735 0.227655953842669 0.0874634733283676
0.214887599403821 0.00588766518403551 0.186318446536152 0.091595498548236 0.0913523491101591 0.0738457334440393 0.396579589892574 0.22195334199578 0.105371915308816 0.293686035693141 0 0.0789678715000877 0.210082603573545 0.0773229798763487 0.176463712433647 0 0 0.0852188062512664 0
0.542790158494095 0.273621492500177 0.401383167680738 0.366663826496169 0.50867783466258 0.306259437151636 0 0.332673715832012 0.270301869705224 0.581202196686845 0.155793429563749 0.445992634585516 0.533129332182986 0.424976687847527 0.413132691462302 0.181571632210491 0.362134959115421 0.23252559991417 0.26115854007907
0.141666639606963 0 0 0 0 0.0120213984676345 0.438168460742731 0.106107024926389 0 0.0703365715735674 0 0.10710217389688 0.0751390333949173 0.0137862677298916 0.00103802183784511 0 0 0.0170437612502534 0
0.488670318644244 0.215364594889721 0.372636893072303 0.459104821954081 0.326971522771335 0.0784253138126618 0 0.258860133274524 0.272592563516285 0.502227800534068 0.224645956487054 0.362868559322266 0.449300750708384 0.423777881957971 0.405866538597388 0.242568352406203 0.211790120493495 0.227655953842669 0.137970549475735
0 0 0 0 0 0 0.337166917249492 0 0 0.183862266043185 0 0 0 0 0 0 0 0 0
0.502465571939304 0.325680847811649 0.389671722469894 0.393719727605802 0.366906975934246 0.0841497892734402 0.340137550881646 0.23323041710873 0.222197299672938 0.546650898370005 0.124284646056474 0.447271466512643 0.448278450934303 0.440561164411753 0.342547206488844 0.231220125393047 0.240551741795081 0.165567966431032 0.130579270039535
0.573564185075383 0.426081033055203 0.484427960993994 0.372300472560676 0.480723017448543 0.158567970263557 0 0.43519258049519 0.317261092831979 0.51456754993294 0.318005315027129 0.403791180990328 0.428854755226774 0.446555193859532 0.334243031786084 0.495066403448916 0.332065991391036 0.338440401969316 0.271013579327336
0.487609145313855 0.28477706863835 0.447164271686764 0.43317625005735 0.40784081542623 0.156278180079246 0.0816924248842381 0.330623338538749 0.261139094460979 0.492356001014971 0.251486772067326 0.412743004480216 0.493259640993846 0.488513399993984 0.463995761516706 0.251079522666069 0.265391323828269 0.254439007235924 0.140434309287801
0.626622851594845 0.286016577098147 0.446099594849414 0.403865690521914 0.414829519729739 0.273057479479122 0.203488403802557 0.433142203201926 0.336731990225999 0.499759850654294 0.240983844231567 0.479242264690817 0.50143803918649 0.576026229931557 0.480604110922226 0.0794375890920897 0.220941545453091 0.2556564187538 0.168767547126569
0.055711599845435 0.0269593090005837 0 0.0453750008192799 0 0 0 0 0.0183255504884898 0.167820591824652 0 0 0 0 0 0 0 0 0
0.0928526664090581 0.0505099697367259 0.00106467683734938 0.0126824536451404 0 0.0452233561401481 0.396579589892574 0 0.0687208143318364 0.186330215922959 0 0.168486106398973 0 0 0 0 0 0 0
0.475936238679573 0.24015476408566 0.436517503313269 0.448958859037969 0.363911816947028 0.229551465977207 0.0401035540340808 0.362404186584334 0.241668197066959 0.571330397167748 0.26899165179359 0.443434970731262 0.415564858163727 0.555646529809108 0.365383686921433 0.34044681039467 0.288923559438657 0.23252559991417 0.144129949005902
0.20215351943915 0.380219220042715 0.486557314668693 0.312552024276904 0.414829519729739 0.0761355236283505 0.346078818145954 0.380857582223706 0.231360074917183 0.407211730162758 0.270158643775341 0.241379526245208 0.134432420291587 0.15644416858703 0.215908542271756 0.0922043444818898 0.237937048949482 0.175307258574034 0.192173265341202
0.608582904978228 0.350471017007588 0.449293625361462 0.399356373670309 0.549611674154564 0.218102515055651 0 0.444419278314876 0.290918114004775 0.509631650173391 0.23164790837756 0.530395541775894 0.508594137605053 0.432169523184862 0.304140398488579 0.479462591305827 0.251010513177476 0.393223920273702 0.220506503179969
0 0.179418849555609 0.125631866807233 0.137815996277192 0.153252301512671 0 0 0.176845041543982 0.0125988159608365 0.0456570727758245 0 0 0 0 0 0 0 0 0
0.485486798653076 0.409967423077842 0.439711533825318 0.279859477102764 0.786229234144813 0.973733275878378 0 0.310119565606113 0.934603074912978 0.662644542719397 0.627258190191125 0.428088987605739 0.431921654549015 0.540062053244883 0.471261914381621 0.361724736044337 0.28238682732466 0.354266751701694 0.243912221394603
0.574625358405772 0.350471017007588 0.483363284156644 0.293387427657581 0.525650402256817 0.180320977014514 0 0.447494844254771 0.28175533876053 0.422019429441404 0.314504339081876 0.456223290002532 0.468724446415913 0.482519370546205 0.369535774272813 0.395769417083804 0.258854591714272 0.372527924469823 0.26115854007907
0.468508025366848 0.31328576321368 0.402447844518087 0.349753888302649 0.419821451375103 0.247869787451698 0 0.46389786260088 0.328714561887285 0.428189304140839 0.346013122589151 0.384608702083424 0.52290633444218 0.395006540608633 0.26884765600185 0.385839718447293 0.320299873585842 0.371310512951947 0.332607574629004
0.590542958361611 0.336836423949822 0.502527467228934 0.497434015192727 0.406842429097157 0.156278180079246 0 0.365479752524229 0.232505421822714 0.441763028479598 0.29466547539211 0.486915256253578 0.576065922694367 0.602399959501784 0.435969171894892 0.275194505069025 0.389589233994207 0.433398500363584 0.315361255944537
