0.148026956210225 0.19342838826433 0.167865214711321 0.195928581687648 0.304051425188193 0.0870572638599736 0 0.0737056005726432 0.0853620311357224 0.163533325841068 0.154673955818381 0.126469678774063 0.205981550541418 0.147185245444796 0.0708836654307237 0.145032577172344 0.234394899924182 0.221927521205768 0.228359976317348
0.330685477744996 0 0.325294758881086 0.324231063556775 0.335944931326814 0.189124400799253 0.0499153857988002 0.194534453970418 0.214326250837174 0.356948156403926 0.147722317354633 0.266235680744422 0.40674103360432 0.295520375619629 0.271167724349875 0.318519164723262 0.259986402645433 0.163448595986857 0.155239786856128
0.203192281505961 0 0.133278420916449 0.151022713033453 0.268968568435709 0.0102067136939278 0.0018041705710411 0.128078584601642 0.0730797244974889 0.101597116054085 0.0909506032340293 0.14749642243332 0.14563765967858 0.143735591254683 0.130003658726136 0.146137587284133 0.0773561332255986 0.00087718387828369 0
0.350299815627925 0 0.340799183685684 0.273979258158034 0 0.155502285101608 0.0342792408497786 0.0894133515143539 0.0632538791869025 0.338475953485001 0.103695273750899 0.288499291677753 0.335953007784453 0.196630288836407 0.29047221195654 0.312994114164316 0.354209662664583 0.14824407542994 0.278981645944346
0.238743268918769 0.136901370689366 0.444559565070302 0.501716163475736 0.484781293307048 0.418475261451045 0.307310387267311 0.332279346843882 0.430494847670083 0.469954574260876 0.344685407160812 0.355290124477747 0.498417329338247 0.341515764821128 0.303744047186122 0.373769670312727 0.435637171323108 0.366955255748668 0.374600355239787
0.44959740116025 0.0768414145159668 0.352725664304606 0.324231063556775 0.580461811722913 0.365640508211889 0.27964643851135 0.260990323339195 0.349431623857742 0.477560775462786 0.38987105717517 0.268709415292569 0.40325965528531 0.316218300760303 0.360450979530701 0.372664660200937 0.394923416993846 0.383329354809963 0.312729425695678
0.414046413747442 0 0.370615385232988 0.348822372581692 0.474150124594174 0.310404175280043 0.268821415085104 0.209033916378151 0.297845935977161 0.391719361898372 0.374809173837051 0.324368442625898 0.463603546148148 0.301269799269816 0.28323302910404 0.443385307355452 0.336760910809185 0.292102231468462 0.28348134991119
0.325781893274264 0.140434309287802 0.392083050347047 0.324231063556775 0.523053500673394 0.282786008814121 0.189437909959302 0.270656631611017 0.274509553364518 0.444962770311743 0.329623523822692 0.281078088033309 0.384692304250591 0.350714842661427 0.426810155678613 0.361614559083045 0.363515663654129 0.316663380060404 0.323978685612789
0 0.0945061075081431 0 0.0034748588839555 0.184982335604005 0 0 0 0.0165811139616152 0.0461805072973117 0.14424649812276 0 0 0 0 0 0 0.0114033904176877 0
0.0475034745602171 0.00618264254726178 0 0 0.108437920871314 0 0.00661529209381693 0 0.050971572548669 0.0939909148521752 0.0689370814321622 0 0 0.00344965419011246 0.0383073425944761 0.0610518086763582 0 0 0
0.279197840802309 0.0556437829253552 0.221534377496468 0.275048445506943 0.384848307406034 0.235955204806687 0.102837722549335 0.181243280096663 0.20572863619041 0.354774956060523 0.173211658388374 0.239024600714794 0.297657846275344 0.239176023847793 0.266341602448208 0.305259043381791 0.244864151037421 0.20087510812696 0.232859680284192
0.286553217508407 0 0.398046290656508 0.362721808117514 0.464582072752588 0.251565472809165 0.165382302345422 0.119620564863798 0.245032017432757 0.288492345586734 0.245045255847098 0.204392317040723 0.41834562800102 0.265623372638655 0.292885272907373 0.286473871481373 0.399576417488618 0.172805224021883 0.256483126110124
0.0622142279724134 0.066242598720661 0 0 0.022325454297035 0 0 0.00724973120386655 0.0239504979445553 0.0668259105596391 0.108329699393398 0 0 0 0 0 0 0 0
0.0254373444419225 0 0 0.0120283576752307 0.0542189604356567 0.0366240903135061 0 0 0 0.113549717942801 0.104853880161524 0.0312308986703677 0.00406160803884465 0.0356464266311614 0 0 0 0.0663735801234644 0.0506216696269982
0.254679918448649 0 0.380156569728125 0.330646187650232 0.412489346059506 0.231152045421309 0.244765807471225 0.331071058309905 0.297845935977161 0.477560775462786 0.342368194339563 0.350342655381451 0.42530838463904 0.273672565748917 0.265135071972792 0.336199326511891 0.367005414025208 0.316663380060404 0.301480165778567
0.300038074802921 0.165164879476848 0.457678693751115 0.330646187650232 0.490096877663485 0.347628660516722 0.215899078334569 0.317779884436149 0.318725857262158 0.44278956996834 0.344685407160812 0.284788689855531 0.318546116189403 0.232276715467568 0.326668126219037 0.30746906360537 0.394923416993846 0.320172115573539 0.337477797513322
0.365010569040121 0.189895449665895 0.353918312366498 0.318885126812228 0.448635319683277 0.276782059582398 0.225521321380121 0.286364382552728 0.318725857262158 0.403671963787088 0.337733768697064 0.248919538907386 0.455480330070459 0.26332360317858 0.184297530119881 0.330674275952944 0.386780666127993 0.315493801556026 0.401598579040853
0.260809399037064 0 0.20602995269187 0.332784562348051 0.407173761703069 0.198730719570009 0.0246569978042268 0.161910663553019 0.162740562956593 0.304791348162256 0.134977646837763 0.226655927974055 0.339434386103463 0.228827061277456 0.253069767218626 0.341724377070837 0.318148908830094 0.134209133377401 0.21036116044997
0.0462775784425343 0 0 0.0216510438154155 0.0754812978614043 0 0 0 0 0 0 0 0.024949877952904 0.014948501490487 0 0 0 0 0
0 0 0 0.0398272287468752 0.105248570257451 0 0 0 0 0 0 0 0 0 0.00814408070906183 0 0 0.0242687539658482 0
0.110024176562051 0 0.0175915589129094 0.169198897964912 0.230696361069363 0.070246206011151 0 0.0688724464367322 0.0632538791869025 0.0798651126200565 0 0.116574740581471 0.176970064549668 0.128787089764196 0.105873049217804 0.149452617619501 0.0599073813702006 0.107308827776702 0.00449970396684433
0.273068360213894 0 0.153553437968615 0.240834450341842 0.361459736237712 0.0462304090842617 0 0.0869967744463983 0.116067797731306 0.293925346445242 0.112964125035896 0.271183149840717 0.358001737138182 0.210428905596856 0.256689358644876 0.168237789519919 0.250680401655887 0.178653116543774 0.156364712847839
0.3159747243328 0 0.159516678278076 0.203412893130013 0.427372982257529 0.0474311989306062 0 0.0471232528251325 0.0964161071101326 0.312397549364166 0.185956328905245 0.154917626077764 0.367285412655542 0.234576484927643 0.172232225365716 0.248903527680537 0.196007645842306 0.0347949605052521 0.114742451154529
0.232613788330354 0 0.129700476730772 0.237626888295114 0.298735840831756 0.100265952169763 0 0.136536604339486 0.114839567067483 0.238508737688468 0.00289651602656136 0.217997857055537 0.375408628733231 0.213878559786969 0.172232225365716 0.24448348723338 0.154130641389351 0.0523386380709256 0.151865008880995
